C0 = -3.629118
C1 = 0.736668
