C0 = -6.475870
C1 = 1.900989
