C0 = -3.811733
C1 = 1.049561
