C0 = -6.594662
C1 = 1.850444
