C0 = -4.724114
C1 = 0.914193
