C0 = -4.194666
C1 = 1.039419
