C0 = -6.312228
C1 = 1.941331
