C0 = -4.596091
C1 = 0.936419
