C0 = -3.737739
C1 = 0.754231
