C0 = -4.437026
C1 = 1.089733
