C0 = -3.662124
C1 = 0.747406
