C0 = -4.060523
C1 = 0.788952
