C0 = -4.420083
C1 = 1.085652
