C0 = -6.494846
C1 = 1.911515
