C0 = -4.260254
C1 = 1.063257
