C0 = -4.224428
C1 = 1.048100
