C0 = -3.845257
C1 = 1.057783
