C0 = -3.828864
C1 = 1.057512
