C0 = -3.846607
C1 = 1.059952
