C0 = -3.822208
C1 = 1.076615
