C0 = -3.764798
C1 = 1.041230
