C0 = -3.653748
C1 = 0.740655
