C0 = -6.758808
C1 = 1.808794
