C0 = -3.823527
C1 = 1.078122
