C0 = -4.387622
C1 = 1.080487
