C0 = -3.653703
C1 = 0.741250
