C0 = -4.587897
C1 = 0.933729
