C0 = -4.342626
C1 = 1.069686
