C0 = -3.830973
C1 = 1.055616
