C0 = -3.863528
C1 = 1.087219
