C0 = -4.387481
C1 = 1.084727
