C0 = -4.033843
C1 = 1.102150
