C0 = -3.811138
C1 = 1.050115
