C0 = -3.579895
C1 = 0.724462
