C0 = -4.376592
C1 = 0.971988
