C0 = -3.827231
C1 = 1.054764
