C0 = -4.688463
C1 = 0.904300
