C0 = -4.310328
C1 = 1.070084
