C0 = -3.886977
C1 = 1.082165
