C0 = -3.834434
C1 = 1.080350
