C0 = -4.573432
C1 = 0.933107
