C0 = -3.860987
C1 = 1.085949
