C0 = -3.777562
C1 = 1.041862
