C0 = -4.716229
C1 = 1.133325
