C0 = -3.941078
C1 = 1.093019
